0.36266276
-0.012359316
0.2432278
0.15705011
-0.02295746
-0.25123547
-0.14821463
-0.042187153
0.46729531
-0.083940969
-0.040800793
0.030747731
0.15493882
0.037101421
-0.31562726
0.61265522
-0.037983483
0.058893953
0.30935118
-0.19904485
0.21314889
0.35904418
0.12075658
0.30999447
0.26294848
-0.24349165
0.036794718
0.33495683
-0.15986672
0.057514357
-0.19019629
0.36306998
1.055096
0.18854225
0.064312584
-0.010005604
0.33519174
0.27849355
0.063846132
0.56933023
0.037829583
-0.035488505
0.10823959
0.36976706
0.039862343
0.21825703
1.1805593
0.018986258
-0.1125075
0.4954308
0.04339343
-0.39669604
0.58089612
0.23094786
0.85341668
-0.054668195
0.42407585
-0.034610678
0.069925862
0.04172322
0.71728542
0.26392043
-0.3101388
0.67392052
0.32434514
0.065692571
0.20137756
0.19126191
0.093574232
0.42435343
0.045050989
0.0085699015
-0.089015961
-0.14406496
0.58626837
0.37822744
-0.018922783
0.19297217
0.46710586
0.31765774
-0.053119161
-0.071878134
-0.30331227
0.24076904
-0.16319454
0.33247982
0.076639501
-0.2645577
0.33220995
-0.017052363
0.09161296
0.52937539
-0.029333494
0.35927715
-0.36603772
0.039346557
-0.015003268
0.35160022
0.02245186
0.41232162
0.11420114
0.30222171
-0.13869823
0.27791596
0.043152148
-0.058321768
0.053556754
-0.44031833
0.34834381
0.040313247
0.21351625
-0.0778285
0.16562924
0.030916484
0.06527253
-0.48580233
0.2448991
-0.060281153
-0.030980593
-0.12111918
-0.06176432
-0.012928231
-0.15754006
-0.40522327
0.097430237
-0.054051338
0.2292423
0.030767123
0.11616854
-0.055140525
0.76706166
0.32906943
0.20682672
0.68436324
0.070872556
-0.12778858
0.11561869
0.44996876
-0.13421223
0.012652535
0.0093281818
-0.18975961
0.44644943
0.04756577
0.091525075
0.53774841
-0.086470463
-0.044467738
-0.053323282
0.57078786
-0.26569939
0.45418845
0.079184919
-0.0036051634
0.0067076331
-0.14212308
-0.099549086
-0.17119166
0.12853797
0.13624124
-0.14663568
-0.1381003
0.16636579
-0.098127565
0.08910785
0.27076013
0.6217101
-0.051559644
0.14065431
-0.11548597
-0.12759919
-0.27454389
0.027564891
-0.12522896
0.43519496
-0.090657953
0.12266247
0.44475294
-0.038721434
0.25017795
-0.0050128302
-0.27082151
-0.062822443
-0.044237192
0.35528887
0.41786097
0.1195277
0.40900161
0.10974032
-0.21025513
0.00086051974
-0.10888235
0.30434994
0.22755351
0.019135179
0.15280744
0.08509109
-0.31245687
0.029056593
0.00960764
-0.034144958
0.0013921448
0.22219157
0.20413948
0.4444443
-0.042021339
0.30115975
0.15602159
-0.0080051307
0.022841458
-0.021312816
0.38525815
0.026719368
-0.058509522
0.34309469
0.20273941
-0.049303897
0.54018423
-0.61401013
-0.019918151
-0.073960616
0.30913336
0.045710684
0.60414398
0.061665342
-0.4477454
0.39926905
0.22684691
0.2550316
0.44447597
0.011533618
-0.89245703
0.23667279
0.31947226
0.066634491
0.052163825
-0.17124676
0.081922911
-0.049737762
0.29608087
0.085160488
0.23549213
-0.27433265
-0.0069577989
-0.002327337
-0.32581289
0.33323547
-0.22565668
-0.34486995
0.13750662
-0.20450275
0.71406821
0.28847464
0.34164524
0.023020833
1.3724056
0.19653991
0.14661795
0.14833968
0.05741461
-0.18092783
-0.037639831
0.32702571
0.032738403
0.045449509
0.41891594
-0.068763248
-0.028456153
0.188145
0.17529486
0.2321001
-0.30414111
0.12438315
0.11731307
0.45034427
-0.083605416
-0.024322345
0.098349177
0.12676804
0.11157678
-0.049256567
0.30703053
0.17717769
0.049513249
0.047822073
0.24313686
0.21364294
-0.061198633
-0.15468099
-0.045436043
-0.034144958
0.65076819
-0.09058854
0.72710532
-0.33312843
0.22748751
-0.18334936
0.036142735
0.095971072
0.060435592
0.26177039
-0.085181689
0.10148065
0.03926225
-0.014184538
0.00075560938
0.12610794
-0.96132129
0.17238071
-0.09564171
-0.029176134
0.19442533
0.23394743
-0.27034815
-0.37293766
0.48658293
0.78376012
0.12678067
0.056870241
-0.08343428
0.12050732
0.025197215
0.38763597
0.046750771
-0.17567991
0.10388669
-0.09873873
0.072006647
-0.58228178
0.074401182
-0.19089992
0.17951102
-0.10623569
-0.091082481
0.25336325
-0.097651777
0.0035577895
-0.069952976
-0.060792667
0.077676428
-0.1290771
0.045880194
0.016609165
-0.20208839
-0.38057524
0.17775414
0.16488061
0.012862523
-0.035699168
0.38612346
0.01442418
-0.0023337052
-0.122317
0.024716878
0.36509665
-1.0276548
1.2042606
-0.25878505
-0.28151286
0.52408086
0.011978653
0.10082718
-0.14923257
-0.085464515
0.93458228
0.17442619
0.086177748
0.21989153
0.071230847
-0.22354347
-0.2075208
0.066141094
-0.031052533
0.66135724
-0.05880743
0.24589001
0.31192085
1.2151033
0.19459076
-0.34847352
-0.014915323
0.42271976
-0.06861251
0.08088954
-0.53504023
0.15303626
0.15725238
-0.19322197
0.34915511
-0.080343316
0.12147623
0.41528095
0.10194809
-0.00045283414
-0.015642048
-0.13484213
0.33635701
0.37558149
0.55020166
-0.11781772
-0.1277904
0.00040404881
0.40912264
0.11387466
-0.059863469
-0.29266267
-0.063204655
0.01388936
0.24907544
-0.034144958
0.24619865
-0.58321638
0.21933569
0.11994613
0.090961791
0.3024201
0.32833371
-0.017126433
-0.029595378
0.38921195
0.42188725
-0.11511194
0.38597739
-0.25210483
-0.05735711
0.50611885
0.40985723
-0.052768978
-0.25307482
0.096832646
-0.46363492
0.0053789521
-0.045649354
0.070430562
0.26222123
0.15786167
-0.084372598
0.14590807
-0.065466309
0.0089442178
0.080344982
0.02371671
0.83928005
0.15741846
0.10589196
-0.33851236
0.24053369
0.37970872
-0.37983231
2.3168782
-0.9117097
-0.072957153
0.45039108
0.54901224
0.30694403
0.08988067
0.63087507
-0.27954671
0.20652969
-0.087636084
-0.055144659
0.52875751
0.30122531
-0.014135219
-0.21315151
0.27640487
-0.13023185
0.2186908
0.057608583
0.12204663
0.32052602
-0.029546348
0.22956582
0.088564862
-0.22663476
-0.25261679
0.058075266
0.096075873
-0.013596171
-0.55123719
0.49975362
0.21641828
-0.76405929
0.49870608
0.06298619
0.42612096
-0.019486873
0.23406087
-0.16551336
-0.27788703
0.57940634
-0.083605416
0.67831748
-0.049192891
0.019179507
0.14935192
0.093009944
0.033810983
-0.18258727
0.21757617
0.045685155
-0.11975295
0.3808786
0.16659309
-0.0083442787
0.32747351
0.1344122
0.11363605
0.69961008
-0.21725329
-0.0019126822
-0.2009834
-0.29159168
0.19363307
0.069649802
0.25679232
-0.034930548
-0.034541302
0.2696734
0.046026882
0.0015413114
-0.22773477
-0.5611041
0.057148241
0.082635988
-0.26209394
0.24554363
-0.44463636
0.096939143
-0.04653982
-0.095314681
-0.047414612
0.059423961
0.07974468
0.13561748
0.18116628
0.12671315
0.12841783
-0.07452655
0.30181142
-0.21602574
-0.11888552
0.22489078
-0.15260305
0.17778708
-0.023845352
0.10697708
0.18816297
0.12685911
-0.11670351
0.14330549
0.15622638
-0.65863109
-0.40021331
0.057659211
-0.053052092
-0.072254235
-0.24442321
0.61646423
0.16814304
0.070695485
-0.031688217
0.071075713
0.076654172
0.63437244
-0.15870302
0.14245082
0.37507823
0.0091732319
0.24456774
-0.1015116
-0.03985225
0.051516022
0.070330009
0.080323124
-0.19330221
0.12729955
0.040978078
-0.067072265
0.48464533
0.15543734
-0.070204248
-0.054348444
0.32428905
0.64770257
0.11255716
-0.13373852
0.11609396
-0.084711499
0.01401291
0.052301575
0.0034242994
-0.13148275
0.003698447
-0.033395326
0.11774225
0.1687691
-0.024039722
0.10283776
0.87628312
0.081814123
0.21142475
0.15915577
0.27331006
0.020428215
-0.26350825
0.0051756963
0.43850842
0.070316347
-0.10642658
0.22664938
-0.51948578
-0.18301267
-0.13389115
-0.22961962
-0.047255482
-0.041002851
-0.2563986
-0.63255693
0.52764756
-0.18573114
0.088244058
-0.76198714
0.17427006
-0.082914276
-0.13981634
0.086338788
-0.27447578
0.27614432
0.37319415
-0.45208802
-0.097868094
0.92553254
-0.087516374
0.92198349
0.23231144
0.06822755
-0.20371814
0.042529683
-0.42086558
0.23366834
0.072377408
-0.052903376
0.14445865
-0.056636332
-1.5784245
-0.21588855
-0.29394209
0.090169957
-0.25449297
-0.082041698
0.15188417
0.28193248
-0.00091251194
0.02171089
-0.38051905
0.42994534
0.01627333
0.088083536
0.15184797
0.1344937
0.0067669171
0.11658739
0.14540991
-0.18235427
-0.27803282
-0.18523206
-0.019441129
0.41669843
0.21258965
0.054129965
-0.064087672
0.09412976
-0.072944978
0.18950302
0.22802866
-0.34749757
0.16745293
0.077297357
-0.14725144
-0.16352416
0.2426264
0.45511949
0.4590564
-0.74715565
0.1629232
-0.27679198
-0.12935631
0.066539109
0.11683821
-0.075496616
0.062723228
0.13659298
0.072904613
0.19325262
0.076650021
0.23650608
-0.12632093
0.28099677
0.27544719
-0.062895406
0.39164309
0.1666361
0.32881447
0.43717658
0.18891603
0.07631295
-0.20206894
-0.099326432
-0.077325645
-0.71761831
-0.28011618
0.49198126
-0.17965209
0.15357422
-0.44072712
-0.03145773
0.39732061
-0.12843021
-0.032014858
-0.36572655
-0.17162798
0.28607462
-0.3299054
-0.24015184
0.42094969
0.19515031
-0.18697719
0.61162164
-0.026853278
-0.16944468
0.030091958
-0.07418097
0.34297758
-0.029645492
0.015175271
0.020720555
-0.31253411
0.059563479
0.17632849
0.023841571
-0.44668362
0.081526958
-0.53253928
-0.60085445
-0.32299851
0.036558884
-1.3015412
-0.10717798
-0.54694424
-0.043730041
0.33964514
-0.15800799
0.050165525
0.17993606
-0.26605767
-0.10726766
0.079484024
-0.55483334
-0.11751475
0.00031253803
-0.078636592
-0.045373951
0.0039655661
0.016506496
-0.023717673
-0.20911987
0.054511364
0.40636881
0.25643431
0.39290337
-0.4013865
-0.43121874
0.356289
-0.015469776
-0.024409197
0.11972789
0.049773434
0.087454266
0.47566849
0.22211964
0.15904457
0.011896053
0.016528739
0.11351361
0.21714439
0.076881372
-0.28765451
0.26668162
0.05709736
-0.070279844
-0.031010401
0.2234319
-0.20338165
0.158715
-0.026303438
0.048010585
0.056615328
0.1738286
0.40788638
-0.038937379
0.76550432
0.092430547
-0.11927475
0.0057279519
0.43829801
0.036561022
-0.1280006
-0.1076755
0.1133209
-0.10096707
-0.35766191
1.814711
0.30643153
0.24005268
0.079794218
0.22776456
0.067759034
0.0845891
-0.036712663
-0.36096475
-0.082409449
0.015390462
-0.090450935
-0.29822332
-0.18873847
0.47025464
0.98109948
0.12372526
-0.18887631
0.0031044514
0.025992999
0.41587863
0.20501274
0.049263652
-0.05049052
0.31628189
-0.072793912
0.23752436
0.41598137
0.11136556
0.031995475
-0.038255587
-0.15638206
0.21129006
-0.10956478
0.28215945
-0.070192391
1.1686509
0.51368444
0.21199441
0.492247
0.07338495
0.076346602
0.19264116
1.1842976
-0.10254424
0.34279924
-0.21107645
0.31545612
0.13322736
-0.41967234
0.39223585
0.28334396
0.13608259
0.18369022
0.80897322
-0.032207135
-0.71872459
-0.1031846
0.054657875
0.3381524
-0.5711253
-0.031857195
0.053182181
-0.054851525
-0.26907184
0.27503341
0.73700964
-0.25705571
-0.14061583
0.55161958
0.28554243
0.69480221
-0.16104745
0.57455778
-0.039652008
0.19484266
-0.058990676
-0.35750903
0.36674096
0.086604354
0.15095339
-0.14934901
-0.14132879
0.05242282
0.048317711
0.10905166
0.19255784
-0.93466736
-0.02018138
0.87726137
0.29501135
-0.11659174
0.14095518
0.11039786
0.6413306
0.15342565
-0.0017080068
-0.076699948
0.29578714
-0.083099104
0.19466496
0.84986998
-0.032678806
0.098067159
0.030961744
-0.16268504
0.036428176
-0.33054328
0.16649162
-0.26226755
-0.29797453
0.016777128
0.11081991
0.091743447
0.27680795
-0.028926042
-0.28578488
0.30516835
0.047750531
-0.0074609466
-0.089179967
0.20518564
-0.23083967
0.42535408
0.25232545
-0.32182426
0.37173172
-0.16937085
0.27002158
-0.22666504
0.25845362
0.19482022
0.027459169
-0.37623199
0.17747389
0.428074
1.0377205
0.21770392
-0.041462007
-0.093457644
0.3402847
-0.17257015
0.22394938
0.33920447
-0.37200084
0.15041893
0.025562395
-0.21580099
0.16900464
-0.16694433
0.90037229
0.22617111
0.24572231
-0.065546244
-0.46777916
0.045424751
-0.1842346
0.15588498
0.19585771
0.26612125
-0.30981115
0.15059804
0.091583989
-0.33060085
0.51181821
0.6364897
0.11198006
0.12105747
0.41115218
-0.12444895
0.67366865
-0.20052724
0.073780053
0.086945831
0.013102929
0.049066695
-0.05959974
0.00013951128
0.73153528
-0.025235739
0.4286752
-0.082567172
-0.1478578
0.11926248
2.1923661
-0.042234531
-0.21272296
0.32788145
0.24077981
-0.30063898
-0.36353183
0.34521678
0.24064781
0.027192678
-0.10974876
0.13105422
-0.083789506
0.1932224
-0.059401495
-0.19651577
-0.024353778
-0.5873137
0.19316026
-0.19292726
-0.44298963
0.19092108
0.093881376
-0.53541427
0.39011351
0.192014
0.30976572
0.36119496
0.028081695
-0.22610546
0.064249553
-0.027427568
0.22797334
-0.041926889
-0.034144958
-0.41358756
0.064075835
0.13855072
-0.034144958
-0.011103127
0.000313441
-0.17562239
-0.24875486
-0.17296069
-0.031943424
0.36403963
-0.23395199
0.13059856
0.34096661
-0.012418756
0.033953556
0.32386804
0.21709114
0.24705485
0.27604233
-1.2898291
-0.17050103
0.25918181
0.12686106
0.15938098
-0.12688551
-1.2087105
-0.23571469
0.46755129
-0.075036123
-0.022781688
-0.24883633
0.07491234
0.4025741
-1.0999779
0.50416968
0.3406879
0.94286651
-0.14263847
0.03803938
-0.19595393
0.058559152
-0.03284496
0.23054561
0.13417896
0.49559304
-0.12982716
-0.30359657
0.12458438
0.012388672
0.09929625
-0.07673876
-0.044996102
0.26066693
-0.0074097213
-0.31098975
0.084106241
0.090046771
0.12006388
0.78962152
0.29373765
-0.036320089
0.047067128
-0.070829271
0.3925353
0.053779457
-0.25513154
-0.31374489
0.030395636
0.07152941
-0.28731534
-0.15129109
0.10580313
0.045986162
0.055152784
0.085784567
-0.29209209
0.27455112
-0.095663707
-0.20885734
0.15041387
0.12415178
0.15113234
0.094729968
0.27430913
0.092355323
-0.17600023
0.041559578
-0.069771478
-0.27107951
0.23981456
-0.2218366
0.046085516
-0.45453086
-0.19924521
0.51712581
-0.21197956
-0.0031846403
-0.50489595
0.12309365
-0.045256214
0.17345616
-0.021878791
0.21236009
0.13458664
0.31941686
-0.21487817
0.068954178
0.065341075
0.08440821
0.47737298
0.0079835602
0.21388549
-0.015703081
-0.34086825
1.0672979
-0.031063782
-0.030966709
0.48034367
0.073080695
-0.13968073
0.33854008
0.73685479
-0.0061687151
0.22163524
0.17662456
0.2392406
0.042127944
-0.068485472
0.5129248
0.059055606
0.49889529
0.45610797
-0.13382964
-0.068973097
0.28911525
0.18949915
-0.02628724
0.11676142
-0.08275053
0.51749842
-0.13106483
0.046851438
0.1583594
0.034453176
0.32036596
0.13828527
-0.29315968
0.35887324
0.14584655
-0.02147181
0.23197385
0.0087119887
-0.14879974
-0.46722214
0.025232799
-0.10812202
-0.092718636
0.2884604
0.32077821
0.37477085
0.067352605
0.075995071
0.23304227
-1.3030403
0.39700198
0.45735852
-0.34392687
-0.41887775
-0.030055437
-0.014680352
0.016449869
0.018585579
0.24290762
-0.69908581
0.12553974
-0.034144958
-0.05435794
-0.14039306
0.38109355
-0.18123683
-0.3773129
0.010285668
-0.06161349
-0.018873305
0.49751065
-0.083089102
-0.028841259
0.094061082
-0.40187375
-0.046510991
-0.12111416
0.21573664
0.28677598
0.3828381
-0.045249611
-0.30754082
-0.11913548
0.2937709
0.2217859
0.062689602
0.13367333
0.187453
-0.17865889
-0.11787039
-0.043010182
-0.21164484
0.057192442
0.32317219
-0.17197166
0.074247355
-0.1469362
0.35409784
0.27451621
-0.32554224
0.44563275
0.0099222834
0.17987649
0.093267033
-0.29311816
-0.010129584
-0.061812835
0.02245186
-0.14081455
0.3407632
-0.010966195
0.23584975
-0.1709471
0.47391274
0.1956761
0.098358804
-0.082124578
0.2865625
-0.18214146
0.30098252
0.15456513
0.46060213
0.16776136
-0.22847822
-0.043772501
0.36173729
-0.70198664
-0.22984505
-0.15002285
-0.0014122707
0.0098867538
-0.11841512
-0.12422788
-0.046575413
0.20280163
0.053478441
-0.033594275
1.2649652
-0.32630253
-0.16309944
0.39604131
-0.010862888
0.15885823
0.028937422
0.38373272
0.096761061
0.50064515
0.0259538
-0.023799183
0.078944511
-0.09006743
0.13960711
0.057788083
0.056344035
0.17912317
0.024790907
0.52741293
0.35963961
-0.3357636
0.079819324
0.0044469289
-0.6918399
-0.16286451
0.08383001
0.19568328
-0.12396714
0.16699652
0.17390017
0.35225129
0.61335182
0.085112232
-0.48533204
-0.49356476
0.068607309
-0.1676684
-0.44052339
0.096975082
0.25489397
0.13789571
0.06144058
0.042671349
0.079283156
-0.10399894
-0.08591814
0.44690119
-0.082450327
-0.047683743
-0.17989573
-0.040800439
-0.67059395
0.27884749
-0.15618949
-0.75744226
-0.35638978
-0.015068915
0.58391007
0.24970023
0.055168284
-0.24896827
0.2543834
0.058941895
-0.059576144
-0.15317715
0.032162106
0.15747493
-0.18008825
0.70962748
0.32496131
-0.083303339
0.039449961
0.15167613
-0.13452432
0.068656804
0.20402759
-0.0044196049
-0.29146195
0.12243289
0.060560961
0.034734745
-0.43840783
-0.2148537
-0.031904909
-0.16523669
-0.029176134
-0.081209297
0.57754043
0.52217752
-0.4768732
0.14151674
-0.017633903
-0.13758308
-0.26768154
-0.029176134
-0.017255036
-0.029477215
0.34428742
0.17214627
0.056408743
1.7053499
0.13095539
0.15521404
0.93019695
0.13864199
-0.18173957
0.1586341
0.65769047
0.21867883
0.059913631
1.3240625
0.19343588
0.098294779
-0.14318603
0.041112066
0.10012469
-0.37175739
0.22741414
0.16867412
0.32187116
0.05709736
0.034506876
0.061598899
0.83108253
-0.067388148
-0.09071839
0.22874054
0.0241272
0.034845248
0.14533548
0.037851096
0.030075442
-0.19639281
-0.028049542
0.18804333
0.11778077
-0.19066777
0.26028987
-0.23689681
0.51798651
0.22273955
0.055967322
0.053675925
0.57246456
0.12919263
0.82730308
-0.10784627
-1.1078087
0.012661791
0.1617915
-0.032886542
0.33531339
0.25863757
0.51640987
-0.073798824
-0.22205434
0.23019014
-0.28328293
-0.1785831
0.0052685902
-0.073576363
0.44166929
0.10894552
-0.012624909
0.094718399
0.29987789
0.039149026
0.051172911
-0.1159393
-0.25113829
-0.17962565
-0.029176134
0.12432615
0.054159443
-0.17767351
0.41029717
-0.05128379
1.0848559
0.32862754
-0.035227327
-0.48658531
-0.0089331904
-0.10604008
0.37723245
0.058187035
-0.020837324
0.57082099
-0.096247809
0.14589928
0.25753462
0.17144528
-0.014010221
0.080018279
0.24315805
0.035681304
0.01493686
-0.24055498
0.074007307
-0.12370091
0.2625841
0.097898574
-0.26930823
0.59015441
0.2441785
-0.0023014163
0.8787746
-0.069765295
0.19611332
0.071667223
0.42656297
-0.2295376
-0.074403401
0.61316832
0.16935641
0.34088313
0.25897736
0.020714061
-0.1435964
0.57881447
-0.051713374
0.082143931
0.0097469386
-0.1327558
0.25284347
1.8903293
0.36404428
0.42360693
-0.35131166
0.16836159
0.19421101
-0.041173415
-0.47870675
-0.071039381
-0.12563724
0.31389167
-0.13413692
-0.0063431548
-0.0035666149
-0.21969944
-0.10680682
0.12985338
0.12000506
-0.13591036
0.12051986
-0.074339061
0.3350495
0.16803743
0.029200945
-0.12170774
-0.34275687
0.15770938
-0.034302318
0.10036321
0.23656642
-0.16945462
0.10432757
0.30598196
0.33526887
-0.14658875
0.28774126
-0.027234265
-0.95759597
-0.011627427
-0.205221
0.33509436
0.10384203
-0.033300097
-0.2541101
-0.23817144
-0.37073907
-0.12975879
-0.12558658
-0.37144226
0.44225614
-0.023612983
0.83056785
0.21808036
0.24293384
0.15851417
0.043066469
-0.06051042
0.18100278
0.70351372
0.14448655
-0.26470562
-0.15927917
0.54772881
0.054123611
-0.0083506198
-0.15945778
0.11064365
0.13777945
0.32610793
0.058837052
0.14890467
0.045264795
0.079587889
0.10616464
-0.043537547
0.16926479
-0.013005959
0.25223782
-0.092109992
0.033703687
0.22209789
0.04467014
-0.065136105
0.19788591
0.087905026
0.064243327
-0.074053259
0.29475599
0.054333205
-0.13845869
0.22938478
0.012637971
-0.18983066
0.10593892
0.24806954
-0.16364336
-0.057482862
0.067643765
-0.08355661
0.0062675424
0.44155374
0.057990835
0.09868072
-0.00469806
0.036231571
0.5095597
-0.29940579
-0.046331247
0.41321502
1.3173482
0.46807761
-0.1275013
-0.19349169
0.0048489943
-0.16796802
-0.16876367
0.47604307
0.40119526
-0.36889574
-0.21956136
0.023479209
0.31974589
0.92870201
0.42049775
0.37971495
0.35958231
-0.29870563
0.35776234
0.37664801
-0.2310886
0.42396654
0.10298231
-0.033445144
-0.25423637
-0.14178384
-0.38364159
-0.038037654
0.034663933
0.011427595
-0.17993293
-0.34447325
0.31143133
0.2546765
-0.22692132
-0.35026874
0.067596786
-0.21031154
0.011589519
-0.1231407
-0.17989119
0.10377196
0.15356846
-0.21653461
0.12942162
0.087455075
0.11273467
-0.12998236
0.53861999
0.32393092
0.10774123
-0.020276331
-0.18134049
-0.28078332
1.1561694
0.14620662
-0.033785563
-0.014593023
0.07148905
0.3123498
-0.085233476
-0.036434346
-0.37715076
0.016594496
-0.079295216
0.45455091
0.083988256
-0.24699347
0.2343247
0.10379346
0.1079309
-0.12122512
0.19403982
-0.030395878
0.25713608
0.24273861
0.44639823
-0.058410071
0.014023759
0.16463796
0.13866504
-0.1539041
0.12757256
0.16609244
0.31270849
-0.023818113
-0.090314712
0.013716779
-0.29124572
-0.12401179
-0.14871121
-0.05475464
-0.047682727
0.63657072
-0.31331931
-0.29033577
0.3513579
-0.014067578
0.21775214
0.076520288
0.18238448
-0.23058057
0.27133597
0.90493267
0.39510744
0.070881327
0.1145897
-0.2573652
-0.0036686378
0.064183977
0.065495098
0.23951406
0.27391114
0.44623981
0.10742744
0.77127165
-1.3724767
0.056932639
-0.12575239
-0.028374757
0.061595036
0.06818277
-0.32693113
0.30884192
0.25704123
0.12470033
0.15319785
-0.038293453
0.37798016
0.22325519
-0.15503739
0.032489957
-0.090631234
0.016079147
-0.25151034
-0.22602705
-0.3892717
-0.49381023
-0.015517476
0.0095967006
0.26745448
0.085904172
0.10695296
0.013530719
-0.15914511
0.22586787
0.38225996
-0.28036411
-0.52341655
0.11252222
0.25654224
0.0044474014
0.10008635
0.0073574147
-0.35801547
-0.16102279
0.1292769
-0.036952598
-0.023399872
0.090025911
-0.040800793
-0.015274575
-0.17953259
0.29530645
0.11667468
0.00029345435
-0.309822
0.046366338
0.14306952
0.13321931
-0.04008473
0.26227218
0.35778609
-0.26946954
0.46276118
0.2242171
0.4374329
-0.10062601
-0.057331495
0.20548544
0.097029106
0.20835809
0.18342216
0.062863925
-0.10102563
-0.25368243
-0.58457398
0.34808632
0.26052679
0.21527826
-0.038488141
0.0076194984
0.46198242
0.44295442
0.47825404
0.24566583
-0.032751563
0.031759863
0.55012627
0.10849339
0.051855468
0.83634121
-0.079837481
0.024779595
0.20795161
-0.036425053
-0.24454801
0.010233765
-0.12735706
-0.25085341
0.14989342
0.15080376
-0.39357057
0.39878597
0.14646075
0.48429679
-0.24556091
0.24115934
-0.090845917
-0.23114083
0.24668459
0.10106351
-0.13380257
0.27135037
0.0019919642
-0.28659288
0.019527158
0.052028554
-0.0083962502
0.066524786
-0.24270938
-0.066569219
0.018176395
-0.077450443
-0.088222837
0.40455537
0.18925676
0.29735723
0.15176713
0.32084558
-0.44321576
-0.034144958
-0.18001436
0.085287238
0.38288923
0.23510139
0.1731997
-0.20706769
-0.077929362
-0.049201853
0.37544739
0.14566908
0.0053302484
0.43434681
0.031884451
0.31085418
0.071879093
0.23439672
0.1365448
0.14521341
-0.29288243
-0.34121389
0.051564722
0.11866779
-0.18920127
0.033927313
-0.31302354
-0.1380082
-0.16805212
0.052025798
0.43461947
-0.25811216
-0.070469599
-0.0090173801
0.19882208
-0.23361752
0.06205435
0.28080543
0.40659349
0.099801484
-0.14332552
0.22318103
-0.048479703
-0.3926738
0.58198631
0.18977521
0.27869541
-0.12711644
-0.31830764
0.53474598
0.43312353
0.14941181
-0.00080635417
-0.24834142
-0.21018706
-0.13147092
-0.029688689
0.0025770141
0.047165228
-0.26192822
-0.034699184
0.39265318
0.30622522
0.29662412
-0.0086580878
-0.048400012
0.084290206
0.13157558
-0.18401258
0.1140738
0.023411345
-0.06674369
-0.22514176
0.0016551401
0.077522122
0.091533247
-0.40979135
0.025423477
-0.093021189
-0.34762007
0.29298437
0.15819228
0.26754243
-0.033215643
0.15673692
-0.1723948
0.14263471
-0.099200454
-0.022186689
-0.12427213
0.16208284
0.22504154
-0.035013986
-0.019627608
0.046985434
1.8168193
0.4582626
-0.056560036
0.37401798
0.668505
0.44499488
0.09569998
-0.014043378
-0.7686496
-0.19542598
0.15374075
0.072380036
0.023611205
0.54059635
0.058556107
-0.052827698
0.32745368
0.12985338
0.53893071
0.43096407
0.10390424
-0.0068665318
-1.0008143
-0.079432488
0.52398458
0.080510039
0.0028613443
0.1102361
0.068993757
-0.1500398
0.18518597
0.20468527
-0.010358702
-0.32799846
0.0068139295
-0.034144958
0.099014881
-0.23792035
0.37796412
0.011202082
-0.15060594
0.20957942
0.042470045
-0.078035726
-0.0042423644
-0.46851876
0.59846167
-0.077366881
0.69006974
0.10126272
-0.0038732327
0.42509037
-0.21548293
-1.1895479
-0.040800793
0.023310846
-0.48964121
0.042348641
-0.37733117
0.43403989
0.20479424
0.10902392
-0.01769006
-0.10679614
0.30218305
0.347831
-0.16802386
0.53252575
-0.11480101
0.43077555
0.14874346
-0.13536711
0.22874694
0.19187932
-0.5230847
-0.28929352
0.17116668
-0.041622641
0.44710799
-0.5402761
0.10834019
0.18396943
0.46905914
-0.11449391
-0.011953815
-0.37479684
0.44869385
-0.48987712
0.33651809
-0.36255198
0.50574994
0.23256946
-0.1555525
-0.16625117
0.95103059
0.080780989
-0.12735434
-0.21837384
-0.028052102
0.38145109
0.47460784
0.21446861
-0.085724545
0.24553005
-0.19662397
-0.065676168
-0.24760573
0.13496373
0.56309672
-0.062202014
-0.27845766
0.001326069
0.024505093
0.04928552
-0.11894299
0.22600512
-1.554937
0.14505816
0.16615095
-0.29903083
-0.015475611
-0.15918341
-0.044473465
-0.38698317
-0.042758303
-0.099668396
-0.32062488
0.22668917
0.015855312
0.063593797
0.79392855
0.051650494
-0.29283379
0.011969935
0.51003249
-0.22346494
-0.018538524
0.20220028
-0.46042529
-0.19742719
0.13803454
0.6835969
-0.072799451
-0.21990324
-0.14828802
-0.048819079
0.12676672
-0.7948292
-0.1393038
0.093968378
0.42518339
0.12697569
-0.61718271
-0.067936432
-0.15298367
0.41490999
0.27630328
-0.32212005
-0.1451523
0.10420326
0.26038421
0.08087899
-0.030503649
0.34351861
-0.5135517
-0.2003374
-0.45393747
0.20815822
-0.36159551
-0.00053291039
0.61272149
0.21581528
-0.0057210318
-0.11736452
-0.20372273
0.11533979
0.22654
-0.31373858
0.21560645
0.049303522
0.29922423
0.25870911
-0.052318734
0.31876992
-0.026272297
-0.24792847
0.043239213
0.028745409
-0.12806429
0.049090929
0.14682266
0.088819321
0.062802182
0.50844885
-0.28814324
-0.102988
0.20781763
0.62153855
1.0031245
0.18955126
-0.046919606
-0.11683018
0.15020969
-0.034216777
0.40081245
0.14719792
-0.28836402
-0.21503333
0.1760557
0.092862386
0.14316509
-0.22873488
-0.15653616
-0.35413977
0.16141258
0.089377774
-0.14710514
-0.20472138
-0.18911448
0.24343688
-0.12433661
-0.34960169
-0.15976748
0.046819356
0.19248012
0.49933903
0.013727924
0.12088602
0.32288619
-0.23054561
1.3629896
-0.022217733
-0.090901062
-0.00059022676
-0.64330212
-0.1669994
-0.053888327
-0.10072476
-0.25392677
-0.2408148
0.65250516
-0.11741028
0.12172666
0.40413963
0.10384444
0.10435474
-0.039339554
0.12921673
0.2058101
0.085611205
-0.1210181
-0.22811165
-0.16365569
-0.0041807208
0.039919645
0.53268459
-0.046634857
0.51325907
0.17283213
-0.084433109
0.23762076
-0.025591193
0.45027534
0.23570647
-0.1273302
-0.0047027083
-0.090616973
0.53514631
-0.10469075
-0.67827744
-0.21082398
0.35158173
0.099850276
0.24189592
0.466782
-0.40251011
-0.14440174
-0.10900323
-0.59426329
-0.05941221
0.31826814
0.42741432
0.079836753
0.17208981
0.25821606
0.38741326
0.26038559
-0.16469725
0.12647052
-0.19933912
0.35419881
0.11876015
0.83840985
-0.10227339
0.044859692
0.46942277
-0.2191419
0.23789679
1.0345589
0.065596452
0.071321344
-0.26693056
0.050203276
0.051932141
0.17448452
0.14846014
-0.3307118
-0.15728931
0.089992322
-0.0090908554
0.15277889
0.16209013
-0.066346293
-0.36969687
0.59523028
0.04917709
-0.014139041
-0.27185685
-0.10584657
0.12830442
0.050419583
0.44245406
-0.15022415
-0.52083733
0.14017981
-0.3885297
0.74375389
0.085752395
-0.17493788
-0.025178323
-0.064516364
0.030219923
0.071679614
0.016264478
1.4262349
-0.03505623
-0.29373858
-0.19280599
0.12909685
0.010241309
-0.1636931
-0.13742108
-0.025884258
0.088386496
-0.013420623
0.40768054
-0.16424884
0.013483062
0.20689032
0.10775529
0.20765889
-0.13423252
-0.32313071
0.42308057
-0.062915669
0.083875602
0.6214624
0.3276936
-0.27676424
-0.13605197
-0.054391225
-0.07188676
-0.19326285
-0.31412217
0.84497758
0.32450418
0.021641824
0.47051449
-0.081021132
0.11413805
0.08648334
-0.12907815
-0.22644925
0.18602673
0.30948345
-0.067286418
0.012393991
0.52644983
-0.27571951
0.15610777
-0.0058312399
-0.38532223
0.1975986
0.019504132
-0.0011434226
-0.068135452
0.16363548
0.020376395
0.035519939
0.96641984
-0.85357292
0.29570351
-0.039883124
-0.011837238
0.058390483
-0.099727913
-0.30327667
-0.0045177574
-0.17564798
-0.16104722
0.32640161
0.17722138
-0.14363352
0.26013816
-0.023416156
-0.063500808
0.11434206
-0.13735244
0.16861114
0.38112519
0.1122659
0.038211501
0.23810332
0.0097046268
-0.11989491
0.035225671
0.13622341
-0.17067611
-0.16490715
-0.30382592
0.11606481
-0.095892848
0.099728761
0.54743431
-0.4251272
-0.26046117
0.015945311
-0.0067859743
-0.40352511
0.4102812
-0.21079273
-0.03823786
0.034793292
0.21670263
-0.019429267
-0.022917508
-0.083605416
0.1838621
0.13940985
0.018056419
-0.064592408
0.10478033
0.14999208
0.10940219
0.32125353
-0.20001735
-0.176415
-0.045367012
-0.146977
-0.41142626
-0.022428659
-0.045499234
-0.070162743
-0.080766777
0.14907122
0.50756581
-0.42944163
0.20562244
-0.14790713
0.18031819
0.22196723
-0.15336664
-0.080976252
0.10276176
0.25307102
-0.085153472
-0.48127245
-0.29963988
-0.021912601
0.58411649
-0.033658448
-0.16987385
0.046352005
0.26761508
-0.06640081
0.45253947
0.81606426
-0.091559419
-0.0022279271
0.32052328
0.018813044
0.69753775
0.34280359
0.034317886
0.31653783
-0.20775685
0.23691068
-0.090983236
0.094314173
-0.021117289
0.60578304
-0.062716921
0.12173078
0.15247789
0.19694041
0.4769856
-0.12925284
-0.072436473
-0.19627792
0.69252114
0.26880864
-0.18570647
-0.15938489
0.0003106018
-0.19679611
-0.063277681
0.50538406
0.18741733
0.24542465
0.25858745
0.4692117
0.46890802
0.047708295
-0.020197714
-0.77043554
-0.0411917
-0.11714267
-0.21428618
0.04362576
-0.16439386
-0.043551572
0.29826857
0.23459223
0.18277813
0.38752799
-0.045849573
0.37561102
0.33539455
-0.057647377
0.12049111
0.29687004
-0.10195706
0.059446292
0.27315182
0.36184294
0.32317175
-0.13650895
0.3231833
0.047730017
0.19043165
0.11090306
0.11024741
-0.31920801
-0.0072695033
0.051546223
-0.38143851
-0.031233671
-0.23837837
-0.0015575966
0.14257025
0.10751937
0.1695363
0.077151101
-0.13034775
0.58066564
-0.22097113
-0.056493025
-0.075248409
-0.078540746
0.087238694
-0.037803468
-0.1696191
-0.13367241
-0.016681728
0.26235391
-0.061872555
0.068952561
3.5704704
-0.094187404
0.030376975
-0.3013747
0.30121687
0.05826328
0.16406959
-0.53145323
0.20856366
0.18678693
0.22610123
-0.18355235
-0.019091744
0.087582934
0.1854827
-0.00022818754
-0.24525677
-0.12726422
0.060382467
0.026128282
0.2034762
0.27622668
-0.26167357
-0.094914575
0.21761711
0.084208087
-0.081165061
-0.20594887
-0.03253805
-0.42385091
0.39982955
0.19514943
0.105571
0.17819942
-0.19693702
-0.11702956
-0.14152095
0.09174982
0.54436642
0.067853429
0.24793693
0.0016092426
0.33183973
0.36633471
-0.10900384
0.020645783
0.52165714
0.44700137
0.43295898
0.38947378
-0.077520876
1.707193
-0.15064211
0.12772351
-0.18587696
0.24280543
0.079677429
0.33912935
0.18447601
0.068213962
0.8009039
-0.079562409
0.34058104
0.78846254
0.23590254
0.0074717413
-0.082740603
-0.38379921
-0.16838885
0.027735887
-0.11196496
-0.10030181
0.58777558
-0.10868831
0.61177202
0.30559542
0.55682297
-0.118288
-0.51534105
0.054029424
-0.051580428
0.27440673
0.20947559
-0.011753593
0.33055291
-0.0036525695
-0.12179845
-0.017223273
-0.16004506
-0.0052914453
0.27280749
0.25674903
0.12968807
0.11920997
-0.055312587
0.37738883
0.33582523
0.37499419
0.35029998
-0.12284176
0.14491396
0.06480748
-0.28363976
0.2960191
-0.024940871
0.060456757
0.2739707
0.056768681
-0.17532289
-0.24567948
-0.016631193
0.021165836
0.34346434
0.58177813
0.58123613
0.79443437
1.3055229
0.22954233
-0.12852878
-0.025635826
-0.01870556
-0.045602982
-0.036771205
-0.20013421
0.18217972
0.45090422
-0.65772177
-0.058232775
-0.21493915
0.58377504
0.43179668
0.058528402
-0.31276026
0.30865958
-0.077184811
-0.058678316
0.066090144
0.23176229
-0.0084452003
-0.31150284
0.1509168
0.12678048
0.14862557
0.029787281
-0.21985349
0.23587028
0.12769173
-0.023315106
0.21379296
0.27748933
-0.1427651
0.018705726
-0.14070092
0.1369743
-0.0097647494
-0.22104769
-0.020242592
0.070931433
-0.50416782
0.21741583
-0.042255161
-0.20651957
0.11879835
-0.042983503
-0.033392328
-0.063046144
-0.20073446
-0.21614235
-0.028940242
-0.15334184
0.010893901
-0.16422807
0.17888102
-0.1745956
-0.81710109
-0.10361083
0.022866329
0.3297761
-0.27844502
-0.086337023
-0.02683497
-0.013532765
0.091714006
0.11925611
0.26653424
0.12705474
0.012839788
-0.23450787
-0.17314647
0.45661669
0.47214643
-0.045271829
0.020191744
-0.041513178
-0.10404687
0.34656584
0.039748153
-0.41498335
-0.26454784
-0.019927
-0.51621483
0.1357397
0.16668636
0.32972325
0.2182868
-0.140525
-0.087521394
-0.15273218
-0.16272426
0.58271826
0.073791113
-0.18701574
-0.18414164
0.18628472
-0.22083298
-0.092460241
-0.20296585
-0.18610912
-0.02902491
0.11277718
-0.099822371
-0.43669451
-0.1829768
0.0059257263
0.16027316
-0.05541455
0.0086032333
0.35675301
-0.28664793
-0.61032354
0.68524513
0.030667883
0.022092857
0.056895478
-0.24524778
0.24231697
-0.16549252
-0.099278583
0.15662764
0.1388656
0.31104529
0.19231518
-0.44181772
-0.11017673
-0.035375482
-0.031947406
0.13869014
-0.27082076
0.037101712
-0.15767108
0.15981342
0.067640739
-0.07760717
0.048581075
-0.034192119
-0.16893566
-0.029687343
0.070559468
-0.045566689
0.33055857
-0.092005687
0.02828232
-0.17018813
0.0064583049
-0.36846993
-0.093207303
-0.34873486
-0.082928785
0.2227893
0.14609507
-0.19482156
-0.2404738
-0.26327103
0.02057951
-0.26752901
-0.17786823
0.11001796
-0.21504495
-0.1305194
0.061352099
0.079438538
-0.29758282
-0.028464009
-0.079961555
0.32231354
0.13039197
-0.15865505
0.0054349461
0.05440855
0.098734331
0.25429848
0.13888913
-0.19730778
-0.27147297
-0.28040679
0.13210786
0.20356655
0.18526353
0.4276628
0.81592237
-0.33998819
0.15508388
0.30678615
-0.15728408
-0.25993269
-0.86516763
-0.24622673
0.08860518
0.20258462
0.20887743
-0.14816929
-0.015198577
-0.018654707
0.099295999
0.041458233
0.13657155
-0.060249246
-0.096297935
-0.13582047
-0.06263357
-0.042966052
0.020906714
-0.23351361
-0.24934411
-0.19766449
0.27240213
-0.1836203
-0.075286366
-0.19600485
-0.25869739
-0.045549834
-0.088387019
-0.4004286
0.71843087
0.10336527
-0.14579425
-0.15463825
0.21067422
-0.057891327
-0.35533576
-0.37306392
-0.30993392
0.34631742
0.003611367
0.0033640814
0.014194883
-0.016297763
-0.15008141
-0.14955035
-0.24252104
-0.085982414
0.11011776
0.03661577
-0.013406542
-0.038822397
-0.012651677
-0.038617744
-0.063387268
0.080104804
-0.47655494
-0.14503736
-0.11441493
0.099944372
0.054173608
-0.1724953
-0.12478235
-0.14609972
0.10504461
0.22490911
-0.53907784
-0.44749384
0.00064457701
0.084001922
-0.37416307
-0.097403909
-0.11123074
-1.2083137
0.30294699
-0.096293015
0.0048378869
0.33691498
-0.11627365
-0.24207811
-0.12102149
-0.053149434
-0.33262189
0.65636131
-0.05549809
0.27043082
0.062370799
0.34562277
-0.03505623
-0.044779333
0.13140949
-0.23006178
-0.19008713
0.66654094
0.043846266
-0.0090892707
-0.78905165
-1.098488
0.51761037
-0.075898674
-0.40121093
-0.257293
-0.13901358
-0.30411833
-0.12561839
0.020074479
0.2608948
-0.26432336
0.44876489
-0.24406178
0.02363368
-0.025345893
0.17733966
0.14447939
-0.16708159
0.025096253
-0.12058469
0.0062062408
0.39490796
-0.13244834
-0.22657363
-0.09486192
0.04859088
0.55196366
-0.031530362
0.28701445
-0.18906785
0.031112382
0.087946975
-0.0055596073
0.44005299
-0.1064469
-0.18710303
-0.072337412
-0.14530455
0.22465186
0.091003394
-0.030476669
0.49577133
-0.24626262
0.0097048328
0.22046337
-0.82028057
0.40687632
-0.14934469
-0.26524282
-0.091019762
0.026946344
0.041855157
0.22384644
-0.070818628
0.14901834
0.28570986
-0.26180718
-0.49874481
-0.031670789
0.19388459
-0.34077913
0.10856404
-0.29749812
0.054267561
0.17350308
0.23316608
-0.020816713
-0.029102523
-0.19182477
-0.28059027
0.024792457
0.011769541
-0.015920058
-0.026999888
0.25946198
1.1537997
0.44102586
-0.30772079
0.035949448
0.13811718
0.0014117007
-0.0067114487
0.12519015
-0.03505623
0.024098681
0.34226652
-0.11290017
0.066795497
0.055088274
0.030896552
-0.36589947
0.072129
0.045275693
-0.18457625
-0.28912871
-0.20551022
-0.14220954
-0.21143074
0.45887701
0.045220975
-0.22887523
-0.2144986
0.043832447
-0.082227249
0.058159805
0.34511274
-0.22428154
0.029183912
1.085111
-0.1459459
-0.32623883
0.47403058
-0.31579102
0.61675516
0.046721602
-0.26246326
0.097899678
0.14128856
-1.1788613
-0.046974439
0.10136434
0.24940568
-0.25498602
0.014942652
0.022343705
-0.21363075
-0.33885359
-0.15159558
-0.060729522
-0.097280395
0.51470925
0.21939348
-0.13298863
0.15569626
-0.30567842
-0.05833409
-0.15299577
0.22240562
-0.14211479
-0.12285184
0.40406716
0.14688098
-0.16343307
-0.013935646
0.23143687
0.49508137
-0.094565141
-0.064242103
0.23078103
0.20352304
-0.13374277
0.06780721
0.074518366
0.056172687
0.3607055
-0.077151617
0.79749084
-0.19323024
0.21749602
-0.12065349
-0.50265588
-0.049607751
0.12768167
0.011323159
-0.050181458
0.50087689
0.10207408
-0.093553271
-0.0052663452
0.31692724
-0.97705249
0.46807348
0.17051595
0.040363502
0.095005308
0.031753563
-0.1261125
0.48717697
-0.2201806
0.54997644
-0.046699307
-0.0730667
-0.4357579
-0.24619679
0.18327964
0.085953645
0.47613399
0.072780274
-0.389471
0.27656611
-0.059269161
0.088288053
0.10266947
0.048055817
0.27129909
-0.13031701
0.3843436
0.43829279
-0.77673547
-0.19306897
0.20388879
0.24413053
0.03867928
0.043973675
0.35214594
0.099726934
-0.041853138
-0.38820716
0.21804942
-0.25300468
0.026470777
-0.011179053
-0.11356088
-0.10528038
-0.019469816
-0.3869011
0.19964365
-0.018911904
0.35771276
-0.16668147
0.10339985
-0.50723957
0.3796539
-0.19070281
-0.23057902
-0.2249244
0.12525143
-0.22079529
0.08068885
-0.30909378
-0.2574869
-0.12384926
0.41461422
-0.077770213
0.16956246
-0.10633396
-0.1669092
0.18579455
-0.11639953
-0.19461705
-0.22112722
0.16748052
0.04264428
0.13091657
-0.088561187
0.13916569
-0.025323223
-0.24568876
-0.034782616
-0.089388839
-0.26162647
0.40638852
0.030262085
-0.23866919
0.19189694
0.0041527624
-0.15800776
-0.29783921
-0.098018852
0.053989339
0.17316998
0.14688334
0.33692562
0.24776602
-0.2805052
-0.46788764
-0.13535796
-0.14782058
-0.19200158
-0.067534255
-0.54784921
0.033562985
0.042268354
0.6163806
-0.20459492
0.022542964
-0.24100573
0.14627362
0.23542127
-0.079403607
-0.35917352
0.090866493
-0.037798585
-0.065971569
0.17334431
-0.060197193
-0.12662053
0.012886673
0.70223028
-0.21562453
0.068221755
0.38127028
-0.011301506
-0.20370546
-0.15499432
0.82671635
0.35547198
-0.58670881
-0.57735352
0.30564045
0.29400285
-0.055743499
-0.18727264
0.10293242
-0.20696436
0.30818996
-0.15492772
-0.0063489866
0.14418533
0.14584695
0.18389491
-0.1480048
0.33223968
0.189438
0.11334957
-0.11258447
-0.31188197
-0.16723191
-0.43864325
-0.27337318
0.012888324
-0.07087327
-0.10039579
0.12678602
-0.26067568
-0.29631115
0.072796025
0.1811882
-0.42256132
0.045441154
-0.29078339
-0.60396576
0.0071114143
-0.44406728
0.26411067
0.018355291
0.82012884
-0.080866801
-0.35371594
0.23080366
-0.34306607
0.01348072
-0.4287987
0.030842626
-0.24395428
0.043922449
0.13216877
-0.44712739
-0.83227669
0.044250253
0.15661773
-0.077879558
-0.2903759
-0.13195127
-0.06305972
-0.10464362
0.080601644
0.11096245
-0.11062671
-0.36475255
-0.040292542
0.090108072
-0.16771062
-0.052033901
0.33932092
-0.048392365
-0.14556856
-0.076570804
0.12924449
-0.19577853
-0.19622088
-0.14210638
0.0081914419
0.11817617
-0.096984563
-0.03744471
0.13496696
-0.47552743
-0.091357832
0.28191234
-0.25702698
-0.090887104
-0.1243786
0.81477433
-0.098439724
0.02710406
-0.14482662
-0.12178045
-0.098316061
0.10705035
-0.23989038
0.062954463
0.0074924248
0.23335654
0.14524336
0.10008968
0.59945681
0.25688687
-0.45037179
-0.048003301
-0.23459607
0.13550732
0.01269953
0.012107017
-0.18220134
-0.15229393
0.11193164
-0.34570965
0.073858605
-0.03505623
0.022406911
-0.00095195993
0.22088628
0.067955996
0.10173933
0.036104915
0.0034499752
-0.015378353
-0.060368782
0.063814045
0.0063951903
0.049291923
-0.068049971
-0.32229724
-0.025622706
0.020641392
-0.35975084
0.1853408
0.13652184
-0.50334542
-0.045907706
0.15938201
0.14003588
-0.19019072
0.18032876
0.40883391
-0.087819132
0.041000141
-0.0084154419
0.39252277
-0.1065061
-0.25333781
-0.2921408
-0.088816819
-0.14252488
0.024673955
-0.034010308
-0.099924654
0.18944186
-0.31566551
0.73460957
0.097483998
-0.026822982
-0.023282145
-0.17290492
0.17809434
-0.43799196
-0.039849419
-0.11576718
-0.39486052
-0.062051575
0.080853616
-0.44639636
0.5903419
-0.069521252
-0.0014643593
-0.34735316
-0.005680922
-0.63183283
-0.0043925392
-0.1690772
-0.12848502
0.00053547168
-0.12207817
-0.059956204
-0.095399616
-0.40144196
-0.26741187
0.2335304
-0.11245608
-0.11711615
-0.14163554
-0.53676513
0.017722871
0.099488911
-0.0098047142
0.19886847
-0.48914035
0.052833438
0.22309794
0.16571337
-0.64739224
0.13746506
-0.087347834
-0.053309161
-0.0032036884
-0.15305926
-0.17677127
-0.16041294
0.068617203
-0.27218355
0.44970395
-0.15263154
0.16409381
-0.11020886
-0.015999663
0.23445839
0.11052841
0.059614261
0.29791966
0.10755398
0.22800699
0.1548559
-0.0077853108
-0.23992932
-0.20818192
-0.99889133
-0.098435545
-0.03505623
-0.053617401
-0.084318693
-0.43823211
-0.0014938577
0.2533654
-0.54449868
0.1447708
-0.12713819
-0.31055764
0.048178449
-0.23627329
0.0053594888
0.0097075194
-0.36636379
0.067542892
-0.1760404
0.16666442
0.58897766
0.2984101
-1.0046184
0.016972535
1.0887261
-0.015581012
-0.0085201198
-0.21623586
0.16814681
-0.26317952
0.042788917
0.48826463
-0.24916532
0.65605458
0.14604806
0.21843337
-0.23718564
-0.61418376
0.13621036
-0.0088552782
-0.30948903
0.56225057
-0.084318361
-0.12797675
-0.15696562
0.10358577
0.23254453
-0.33829068
0.03220643
-0.26933462
-0.14561186
-0.044273048
-0.59172944
-0.31074035
0.54543571
-0.23932511
-0.33818159
0.092086538
-0.080324612
0.047989151
0.0047946273
0.2726168
-0.046437904
0.076043296
-0.15264329
-0.029363493
-0.20248605
-0.26000867
0.12667088
-0.32267213
-0.19608621
0.0032385365
0.015836311
-0.13582627
0.044291912
-0.28448271
-0.026388601
0.0017846932
-0.40526207
-0.035044056
-0.07605456
0.00022630658
0.55136361
-0.12047407
-0.12117844
-0.39331092
-0.30668734
-0.2737315
0.12286607
0.032801943
-0.28761684
-0.017562398
-0.51145812
0.049279916
-0.20815271
0.067669284
0.054264644
0.081683455
-0.010329944
0.34876802
0.53413871
0.12072277
0.093241978
0.036331412
-0.0021949932
-0.059544846
-0.15524167
0.091888429
0.48652365
0.21429413
-0.039593375
-0.31552541
0.011011141
0.62248254
-0.21325888
-0.12773891
0.37726585
-0.13276427
-0.33984819
-0.048221658
0.037473638
-0.32854978
-0.013726225
0.0053582701
-0.10230984
-0.17194976
0.16796163
-0.010220236
0.53567708
0.11376255
-0.22711752
-0.32280219
-1.3804518
-0.015930779
0.11396066
-0.063048875
0.28371321
0.13466183
-0.041780386
-0.1270574
-0.03925139
0.21029783
0.12205032
-0.10101848
-0.27812909
-0.040237205
0.1027588
-0.00028876318
-0.14047053
0.11559371
-0.048121079
-0.1064653
-0.42267381
-0.16954023
-0.074970079
-0.94015043
-0.086751953
0.32751405
0.40131191
0.10621818
0.086870229
-0.087907256
-0.2698829
0.047631945
0.32714334
0.4651531
-0.11738768
-0.043828255
-0.14579485
-0.060963359
0.18327597
0.44292345
0.29606687
0.049077258
0.20034201
0.037498542
-0.257741
-0.031418936
-0.22343867
-0.21102447
0.33452388
0.26130122
-0.044111301
-0.15412377
0.24523906
0.10150971
-0.28449888
-0.22787817
-0.26990762
0.021672621
-0.067243126
0.54853817
0.01516933
-0.090515467
0.15390167
-0.16429866
-0.231586
0.40076381
0.078241206
0.34229659
-0.59098914
-0.17459922
0.059609023
0.33643298
0.00020827353
-1.0139627
-0.077545662
-0.055066465
-0.19239662
0.16003627
0.090609095
-0.1557712
0.069551281
0.079319902
-0.10862431
-0.087652051
-0.02247559
-0.10324955
0.0017517876
0.140902
-0.23948769
-0.21118132
-0.034359884
0.15275047
-0.037066732
0.37607386
0.13885458
-0.12879741
-0.09733093
0.0035888212
-0.41446986
-0.14844819
-0.075348693
-0.4156423
-0.45430823
-0.01632517
-0.45127369
-0.14572741
0.066570556
-0.068652985
-0.052612721
0.22563318
-0.60111166
-0.20967227
-0.012721504
-0.19852386
-0.6751951
-0.2478142
-0.23650455
0.23978043
-0.01038385
0.19979342
0.25924568
-0.15256187
-0.20169874
0.18180004
-0.49456714
-0.096638711
0.10202102
0.065324817
0.17292441
0.48928835
-0.23709477
-0.18371365
0.065752131
-0.080936694
-0.17608981
0.026199262
0.39522437
-0.6996523
0.32091898
-0.24275291
0.14025779
-0.15698094
-0.04505623
-0.28366796
-0.15293664
0.0065151785
0.2261114
-0.2751947
-0.35885954
0.082840503
0.21360784
0.097534164
0.031667314
-0.14255199
-0.17586139
-0.22071762
-0.080778791
0.038011222
-0.10330739
0.097484574
-0.060213067
-0.13349068
0.2546496
0.14148625
-0.018592933
0.14859938
0.07175766
-0.67115381
-0.27192439
0.41140729
-0.19523564
-0.32972105
0.14730682
0.20976008
0.051435732
0.091820338
-0.014824408
-0.75320741
-0.71598046
0.17249522
-0.038446866
0.018755927
-0.27674163
-0.2706846
-0.091669561
0.21835848
-0.04972408
0.086900859
-0.096728744
0.22414114
-0.12342248
-0.0085514404
1.2612038
-0.15550727
-0.15445337
0.090034177
-0.048087563
-0.094225093
-0.45790401
-0.024664976
0.03388551
-0.23496794
-0.21908098
-0.36760372
0.29781245
-0.036749864
-0.10312573
-0.14998494
-0.21455601
-0.77843882
-0.32070198
0.20155207
0.1134146
-0.3259851
-0.068255135
-0.0027864554
-0.079851396
0.27100128
0.11246494
-0.0015212848
-0.41988697
0.028491426
-0.0024454348
-0.19882397
-0.087879018
-0.024205857
-0.15785378
0.023935156
-0.29980196
-0.058917869
0.16990512
0.045575515
-0.053887798
-0.091182847
-0.15727308
-0.21955339
0.020211897
0.30999275
-0.099407039
0.08469761
-0.080702573
-0.096813843
-0.49225371
0.074744913
-0.084637804
0.23023202
-0.095944907
0.13429095
0.27667525
-0.32555473
-0.18103284
-0.34013747
0.23645728
-0.024865793
0.27488848
-0.093983534
-0.073229147
-0.03505623
-0.18521776
-0.14697241
-0.1973556
-0.063062017
-0.042010219
-0.043306406
-0.037066732
-0.11972672
0.12414937
0.13309539
-0.038888353
-0.19681958
-0.12193214
-0.083920794
0.37754859
0.13690211
-0.25082555
0.2297781
-0.17176249
0.012106159
-0.18029192
-0.14283965
0.051220698
-0.49786594
-0.071851983
0.10335276
-0.063289388
-0.21537881
0.15138535
-0.16298945
-0.36455259
-0.11349872
-0.21100341
-0.010751327
-0.23435864
0.086882629
0.018540917
-0.05626931
-0.12755827
0.068579907
-0.21922559
-0.11142912
-0.11005334
-0.07650136
0.28349896
-0.27532009
-0.16025473
0.013512977
0.17918594
-0.032773882
-0.37584371
0.026442512
0.17132013
0.065695146
0.089794056
0.044641543
0.39740964
0.12050948
-0.13810474
-0.036289945
-0.32731738
0.0017367044
0.20615633
0.050332495
0.097424152
1.1190525
-0.18578838
0.13285118
-0.019888884
-0.19847079
-0.25975256
0.066751589
-0.11217678
0.16819017
-0.056320819
-0.21199877
0.086988419
-0.19158741
-0.088279431
-0.073761818
0.048299867
0.15287105
0.16478458
-0.045429609
0.08033407
-0.075134444
0.02844328
0.090051749
0.047200545
-0.0085705661
1.9393744
-0.13473273
0.28130561
0.38310136
-0.27439776
0.01749018
-0.51331613
-0.16720069
0.60911665
-0.059547513
0.024690465
0.29581578
-0.19134481
-0.5626545
0.3667892
-0.19848773
0.0033220472
0.078790007
-0.15666425
-0.0027990855
0.010822551
-0.24609569
-0.045361783
-0.18658497
-0.20837806
0.00060124392
0.071582413
-0.25257144
-0.086357472
0.30984043
0.06001605
0.061702281
0.6615628
0.040760425
-0.78030909
0.15944038
-0.12238313
0.055234315
0.025244081
0.029859506
0.97906495
-0.18381592
-0.1403116
0.42213005
-0.11709788
-0.024965478
-0.32983338
0.14869228
-0.097939346
0.25442334
-0.99290967
1.0277342
0.22117633
1.1407885
0.24932234
-0.60713886
-0.2769533
-0.036865436
0.19397504
-0.21750645
-0.13961723
-0.054207258
-0.23085042
-0.039059408
-0.36176008
-0.11367132
0.085000849
-0.15129998
-0.53554673
-0.083413679
-0.017445095
-0.049007854
0.25448985
-0.10758114
0.098946966
-0.0012437415
-0.035115943
-0.1278597
-0.47231444
-0.29941505
-0.03505623
0.17867649
0.085761697
0.041700516
0.0058147186
-0.10849042
0.16264393
-0.016584158
0.06559416
-0.15057972
0.20412098
0.84868448
0.042391803
-0.0062387937
-0.3826995
-0.059780969
-0.224397
0.86647461
0.0014677358
-0.093191796
0.31642231
-0.46546892
0.4376259
-0.2592827
-1.2248711
-0.96154677
-0.25560966
-0.20964714
0.026624124
0.034881364
0.011220555
-0.20708021
-0.12023213
0.038231488
0.048031321
-0.0070361695
0.39930505
0.19517207
-0.095206419
0.22035829
-0.17067137
0.12675428
-0.12615708
-0.29731352
0.14751851
-0.29570738
0.081984778
0.067949294
0.040322072
-0.126473
-0.14259895
-0.087622529
0.33029822
-0.14311831
0.079450812
-0.2183122
-0.16285788
-1.6004269
-0.10373664
0.067397391
0.0050839198
-0.22959685
0.15352488
0.37449744
-0.13579573
-0.022139904
0.11981652
-0.23986051
0.018518588
0.1851262
0.1653239
-0.042353369
0.13540362
0.014330449
-0.38847103
-0.27165147
-0.061847945
0.12725465
-0.31042444
-0.3256712
-0.0019548141
0.067866271
-0.014678264
-0.17951177
0.20001353
0.16741121
0.84931477
-0.17323506
-0.47455919
0.025425562
0.11666857
0.011961572
-0.10284933
0.032455352
0.084529955
-0.015668814
0.075679231
0.068793896
0.23080989
-0.32463851
0.27343035
-0.12272528
0.15547374
0.045359854
-0.17660646
-0.099961576
0.73497621
0.92562665
-0.064719078
-0.37423417
0.21277183
0.071905742
-0.065946849
0.043304247
-0.34373741
-0.060968061
0.14678823
-0.18144526
-0.04526005
-0.079319557
-0.039152264
-0.15194877
-0.17427774
0.043529914
-0.079248185
0.33122151
-0.060475159
0.29457058
0.48475138
-0.18951296
-0.052094289
-0.034040403
0.044247184
-0.080335754
1.2690286
0.41369611
-0.0021506082
0.11176406
0.13266937
-0.1056278
0.37200274
-0.039982243
0.54777212
-0.54498484
-0.64866247
-0.13694741
0.16482601
0.01794747
-0.30761147
-0.13002852
0.18788443
0.040663339
-0.037066732
-0.088345909
-0.12698584
0.34762182
-0.42048116
-0.072007734
0.21592692
-0.0061040955
-0.010361871
-0.059953006
-0.16820029
0.15411053
0.14967944
0.18127749
-0.10486427
0.023977634
0.28732754
0.28885808
-0.052169463
0.016499654
-0.1039025
-0.19504563
-0.30962224
0.0046229324
-0.31349307
-0.04526005
-0.25770222
-0.15348527
0.20001538
-0.1110831
-0.41026528
-0.036227887
-0.24156783
-0.28999111
0.08557855
0.0097151308
-0.14152264
0.062366731
0.067416084
0.10500499
-0.58853832
0.063849866
0.17111594
0.16835309
0.015899464
-0.18671537
0.060978718
-0.19768057
-0.14255199
-0.078963917
-0.2766846
-0.28944153
-0.19145148
0.02972485
0.024967067
-0.19380928
0.313889
0.029186916
0.3462403
0.16407111
0.33277447
-0.020059085
0.099792141
-0.11637383
-0.10207047
-0.037656997
-0.086847666
-0.13987782
-0.25160875
-0.12311862
-0.12487913
-0.071655875
-0.19267216
-0.04576174
0.027159296
0.11777656
-0.12678931
-0.40897774
-0.042443428
-0.1600947
-0.55866507
0.17056083
0.084897585
-0.24025314
-0.071263147
0.14591204
-0.012217076
-0.016377072
0.01342736
0.14069302
-0.01781841
-0.023900697
0.7693333
-0.1042402
-0.17385992
-0.475474
-0.20963231
0.090840112
0.067750096
0.2724767
-0.043692376
-0.32703467
0.096171549
0.10026451
0.015101005
-0.23705886
-0.15555175
-0.21374826
0.19563544
0.44706555
-0.19357916
-0.2077773
-0.2333381
-0.55787269
0.70436898
0.59534941
-0.042375258
-0.021058198
0.23627794
0.32255445
0.10967839
0.058161549
-0.10526256
0.28064636
0.17626048
0.20090483
-0.17201698
-0.14758583
0.020743741
-0.39257306
-0.060058021
0.013489554
-0.16070261
0.1285466
-0.30934813
-0.2776554
-0.10094558
-0.10998434
0.28935165
-0.059500719
0.10711048
-0.50112717
-0.072913402
-0.062511922
-0.052557303
-0.064005903
-0.24674422
0.10536119
-0.21684571
0.11053936
0.16364908
-0.06449965
-0.040936391
-0.058887219
-0.04980385
-0.084990783
0.3245621
-0.040447458
-0.11999105
0.15009744
0.036414072
-0.07501813
-0.25324866
0.071628096
0.13781313
-0.2827984
-0.30752828
-0.070646401
-0.07398402
0.14182465
0.013707589
-0.010895912
0.13827368
-0.35046745
-0.03505623
-0.0046383147
-0.0036960189
0.011395292
0.17551719
1.6279837e-05
0.2477234
0.071917002
-0.15107521
0.42852881
0.2969572
0.034279928
-0.10056217
0.2500977
-0.03505623
-0.21015607
-0.024812323
0.026552004
0.0003253498
-0.29202043
-0.18810367
-0.098815054
0.053464231
0.047676154
0.20066928
0.42700593
0.0077745298
0.030477508
-0.74336798
-0.66270824
-0.050479214
-0.36221118
0.19391545
0.68356602
-0.2475675
-0.13181337
-0.55801108
-0.073979074
-0.11261624
-0.29140408
-0.1916943
-0.38369691
0.072788188
0.11819448
-0.1199246
-0.026371235
0.24584625
0.090074591
0.20862206
0.0031301804
-0.060894896
0.21153674
0.34283873
0.018060124
0.06003542
-0.32120887
0.056830336
0.36293098
0.29505296
0.10017623
-0.15033477
0.0481513
0.13190575
0.21242191
0.161871
-0.052653142
0.22255632
-0.16958357
0.0052879059
0.13784943
0.31005239
-0.45541962
-0.1870904
-0.017754545
-0.040744074
0.13999592
-0.0018477191
0.21284846
-0.036866449
0.1377194
-0.038710392
-0.1609356
-0.045870181
-0.41401944
0.099005737
-0.078327847
0.17681747
-0.20894861
-0.37577828
0.34903582
0.17298296
-0.026133176
-0.026550423
-0.09838286
0.30967396
-0.048725215
-0.08231599
-0.092236826
-0.065927846
-0.11556865
0.17756759
-0.29223858
0.07402797
-0.43503407
0.046242271
-0.039743669
-0.022781597
0.35610177
-0.31919979
-0.13530054
-0.1025154
-0.16875309
-0.11825852
0.13889764
-0.07511195
-0.23487518
0.030845739
-0.12063495
-0.17328553
-1.4777226
-0.24226647
0.49673756
0.045726326
-0.75640715
-0.30598699
-0.085541474
0.24554988
-0.10059234
-0.12692346
-0.71593366
-0.036086365
-0.0069400588
-0.017811964
-0.10680236
0.017107966
-0.48838435
0.056568162
-0.28305197
0.098180826
-0.19413459
-0.0094006458
-0.097167299
0.063650102
0.62881426
-0.089828327
-0.066668521
-0.23732083
-0.14501872
0.22992871
-0.17406635
-0.096106003
0.048264153
0.22975237
0.047831147
-0.11289594
0.022874344
-0.078711327
0.059545618
-0.17429654
-0.063271781
-0.59273062
0.049977913
-0.25765278
0.0098365335
-0.10142369
-0.056064623
-0.16809398
0.23284756
-0.38016978
-0.063584226
-0.39392465
0.060205849
-0.2088614
-0.15335611
-0.055588286
-0.31002159
0.0081942407
0.38814227
-0.088444262
-0.03505623
0.028957599
0.0055908379
-0.12403812
-0.18220593
0.36386065
0.029600805
0.080733568
0.020225043
0.43837238
-0.20928087
-0.13804565
-0.0035619306
-0.12739414
-0.15518524
0.17087888
0.34776931
0.19471072
0.15957317
-0.12307175
-0.03505623
0.16353691
-0.36215803
-0.054365293
-0.080373891
0.48549685
0.12745321
0.24383975
0.016111951
-0.31793792
-0.2016747
-0.031557148
0.17058507
-0.13617517
0.083021214
-0.25630945
-0.023469217
-0.39299005
-0.077484868
-0.052412345
-0.18410244
-0.056328716
-0.051257115
-0.12262419
-0.21021122
-0.018931287
-0.011999027
0.46740726
-0.11274105
0.060637781
-0.094704811
-0.019317071
-0.21927695
0.12060682
-0.39306629
-0.39545428
-0.21220626
-0.043206645
-0.19567855
0.67451128
0.049467036
0.23438026
-0.47123959
-0.19682448
-0.26739756
0.095315809
0.041049301
-0.0026389787
0.57257651
0.20530487
-0.11414404
0.11843479
-0.50039912
-0.14255199
-0.4716122
0.24497683
0.43256815
-0.13393034
-0.081654326
-0.39954486
0.18487623
0.044574212
0.17292565
-0.082470914
-0.10830664
0.26453289
0.11275932
0.78342264
1.1385806
-0.34850314
-0.1180827
0.15309182
0.15680037
0.048899222
0.042501573
-0.15786747
-0.046577775
0.021894523
0.089228708
0.69955604
-0.1285825
0.032288422
0.047323114
0.070237691
-0.55634842
-0.027209224
-0.016877155
-0.035811741
0.2927244
-0.87383986
0.20472723
-0.20343577
-0.032376249
-0.027412912
0.055040201
-0.3075165
-0.093383503
0.10517879
0.018977957
-0.15355524
0.39892798
0.04363564
0.16555126
0.26021467
-0.13033101
-0.003312745
-0.1610004
0.25487098
-0.091027513
0.060144154
1.1455735
0.49103196
-0.0093252924
-0.49306994
0.038836435
-0.019540579
-0.35103827
-0.29455055
0.36145486
-0.22581367
-1.6300281
-0.17519996
0.053560507
0.017700743
-0.020321388
-0.12010266
0.10341855
0.22027366
-0.63209813
-0.00021479751
0.034468946
-0.15665133
-0.096071163
0.34400871
-0.40815323
0.11562506
0.38297487
0.059136444
-0.061854224
-0.061300636
-0.08848435
0.49753606
-0.60691307
0.26006816
0.44923652
-0.18048238
-0.10327357
0.023933811
0.18285078
0.22609965
0.0096837203
-0.11004444
0.15598747
0.12033438
0.09182533
-0.59877889
-0.17037445
0.0049318958
-0.094338939
0.45628614
0.16830857
0.062340301
-0.18548769
-0.16872853
0.070533382
0.28656139
-0.089299212
0.059123143
-0.0099468508
-0.047643598
0.42306951
-0.053621484
0.20622221
0.49136982
0.27579815
0.059631316
0.10472501
0.05125675
-0.14279972
-0.03505623
-0.030356104
0.015034375
-0.090333665
0.048790617
-0.27322873
0.21160434
-0.072373048
-0.11073593
-0.069711538
-0.63273494
-0.18188007
0.026097706
-0.023573676
0.16340684
0.024944926
0.55712596
0.13276507
0.18170079
-0.035896828
0.074587409
-0.014933344
-0.15951952
0.0034334397
-0.029034486
0.11307309
-0.18155708
-0.20157866
0.13675763
0.23826314
-0.093924957
-0.056857598
0.1568639
0.019123882
0.01108702
-0.16545195
0.047154988
0.38539706
-0.16229862
-0.14875541
-0.0041575628
-0.25296536
0.18004454
0.28718512
-0.034313582
-0.44003244
-0.038266923
-0.15091791
-0.11413163
-0.11715719
-0.23884709
0.05982917
-0.71722771
-0.49317084
0.050960168
0.07130532
-0.50548566
-0.13184732
-0.14078897
-0.4737183
-0.33601193
-0.11481282
0.81057002
0.20736079
0.15477657
-0.061122774
-0.1371037
-0.097275214
0.25523601
-0.20379512
-0.0895554
-0.023210184
-0.33457446
-0.068779564
-0.0034155275
0.058967146
-0.12732806
-0.060298992
0.022135309
-0.45531784
-0.037412515
-0.13596856
-0.21022303
-0.18224006
-0.086889463
0.15815049
-0.13861866
-0.41095476
0.10187405
-0.13253775
0.42666157
-0.093107268
-0.21495509
0.034235621
0.049506403
0.11420267
-0.043370451
0.22490904
-0.14361453
-0.095303404
-0.49094773
-0.18880467
0.56912398
0.058357103
1.0348468
0.057143869
-0.54647451
-0.088672643
-0.13412103
-0.46876735
0.34222587
0.03941272
0.02361309
-0.10348109
0.28885569
-0.4405204
-0.14216075
-0.0052865313
-0.45090897
-0.167807
0.20086239
0.010993306
0.17489429
0.16392221
0.064376483
0.23402218
-0.13745869
-0.16712341
0.017113787
-0.19308999
-0.16919748
-0.26993339
0.53704403
0.18108432
0.13697143
-0.031783681
-0.055325086
0.061408026
-0.0061658788
-0.061372966
0.034408819
-0.088634934
0.068795583
0.012364507
-0.07755188
-0.21686873
0.087980674
-0.32638858
0.11271324
-0.11779704
-0.32192087
0.34503382
0.13283004
-0.07628649
0.012363622
-0.41290381
-0.11462164
0.21921475
0.20745205
0.024033732
0.049885747
0.10833383
-0.09903739
-0.15145141
-0.1985353
-0.26973215
0.012888324
0.13666376
-0.13294265
-0.36816675
-0.24198559
-0.1497386
-0.021002342
0.47249695
0.27601192
-0.50290332
0.059278739
0.44663469
-0.10735614
0.069830426
0.033975827
-0.055976676
-0.072591312
-0.13078001
0.12782171
-0.0017128992
0.19448133
0.012995518
0.60684554
-0.70120644
-0.26981392
0.40768068
-0.0093843853
-0.3198457
0.023698646
0.24950233
-0.05344703
0.040278518
-0.3668148
-0.1134711
-0.012067704
-0.06721184
0.064014356
-0.049864913
0.13677201
-0.3363406
0.18816209
0.067791781
-0.012851149
-0.23820523
0.14328522
0.46334619
-0.1255186
-0.26198561
0.12906374
-0.24745655
-0.0078995257
-0.077892689
-0.29618115
-0.22067498
-0.076963738
0.13505121
0.26848842
-0.24848784
0.22465261
-0.39567115
0.052911645
-0.11863012
-0.47805135
-0.27989594
-0.015883956
0.052518069
-0.17341338
0.14079729
-0.31421069
0.35424281
0.098229165
-0.20697371
-0.073034518
-0.038945903
-0.091947479
-0.14297941
-0.10398301
-0.60281096
-0.23506809
0.464354
-0.017523396
-0.31717693
-0.071141195
-0.12572854
0.0058428898
-0.16455481
-0.081887483
0.23786933
-0.29475477
0.09676717
0.24441548
0.0077669264
0.15800497
-0.41856597
0.58477486
0.25033836
0.09076031
0.06747487
0.78398012
-0.33751533
-0.15067143
-0.031950545
-0.1199356
0.73641568
-0.26266816
-0.27555008
-0.24952409
0.30541784
0.14127002
0.076534999
0.21166114
0.035169694
0.040904241
0.12378399
0.0050682222
-0.19439478
0.15850355
0.2239615
0.53478456
0.92560254
-0.10518146
-0.089066755
-0.020949816
-0.062488509
-0.22407945
-0.073904423
-0.1063094
-0.12413056
-0.091940862
-0.16327716
-0.10653405
-0.19101443
-0.064147224
-0.18456789
-0.20448489
-0.21287158
-0.1471573
0.045684114
0.04474629
-0.11008125
-0.1992716
0.34080849
0.0016749249
0.18636638
0.26810238
-0.22619588
-0.19297179
-0.015765858
-0.3015779
-0.26599389
0.15719786
-0.00093148742
0.40437264
0.053431383
0.29174842
-0.056681397
-0.056300871
0.091462152
0.10258345
0.57816706
-0.13799059
-0.38106253
-0.33897064
0.11217724
-0.031459393
-0.022953716
1.4154425
0.3608021
-0.072079896
0.057845337
-0.19932124
-0.11790397
-0.11307956
-0.2993346
-0.16938132
-0.20342775
0.45621359
-0.059467131
-0.069106364
-0.09731032
-0.077945533
0.078433826
-0.084550864
-0.02098401
-0.036490632
0.44185891
0.79868474
0.79837599
-0.03419233
-0.2580502
1.8414823
0.2140835
-0.017511974
-0.099524429
0.1117485
-0.36946947
0.034961714
0.083665168
-0.14827132
-0.11135249
-0.4213047
-0.041186469
-0.0018791344
-0.057163989
-0.061398604
0.14304397
0.0001324259
0.077148652
-0.78690263
-0.069374258
-0.076290344
-0.12300934
-0.26949303
0.029797836
0.15630264
0.13804509
-1.0916617
-0.15710645
-0.078190684
0.010241252
-0.037737668
0.4431278
-0.12888313
0.24568136
0.18978528
-0.41489574
0.020114712
0.18885633
0.096234958
0.16451825
-0.016971634
0.046722143
-0.026788553
0.13388384
0.080635599
-0.060558731
-0.58009758
0.20172408
-0.060656104
0.10523277
0.01646328
-0.039743669
-0.88671696
-0.2651877
0.2338456
0.14660165
-0.046999803
-0.15864473
-0.1478086
1.5922313
0.0077413567
0.34506396
-0.1461861
0.01056639
0.47265643
0.029474607
0.029718593
0.3815437
-0.23128694
0.11125133
-0.061586778
0.34055049
-0.24608057
0.0046057047
0.48908094
-0.065675184
-0.022889562
-0.047941328
-0.028505479
0.047275695
-0.33275921
-0.13435739
-0.13027046
0.022139385
-0.170029
-0.21485089
0.0027979928
-0.22887318
-0.13121699
-0.12245511
-0.20865411
0.14815884
-0.053465443
-0.21850435
-0.32448689
0.14248869
-0.20679033
0.31546708
0.46120649
0.24704327
-0.117331
-0.23734264
-0.24214906
-0.0015243421
-0.15292597
0.33252387
0.89195238
-0.22521294
-0.45703061
-0.11481065
-0.55636407
-0.041699358
-0.074499364
0.29273798
-0.71648882
-0.058038843
-0.096492847
0.17107213
0.039749571
0.60308078
0.52523025
-0.11400212
0.14592403
0.086710407
-0.01835045
0.15650375
-0.16145385
-0.066981527
-0.12674846
0.31263847
-0.62348055
-0.053648384
-0.01603402
-0.083884052
-0.10541816
-0.16140114
0.11338911
-0.20171611
0.087085546
0.077590187
-0.50180362
-0.13241896
-0.2967399
-0.079193058
-0.0818567
0.034553149
0.054731565
0.22375834
-0.30592368
-0.02668827
-0.5786104
-0.09210408
5.0046684e-05
0.4550745
0.067073055
-0.1988665
-0.055703927
-0.044590921
-0.1098436
1.4144616
0.56061008
-0.043935263
-0.38056506
-0.057954817
-0.014687093
0.077421316
-0.042557434
0.27311646
-0.16897715
0.030139331
0.2127016
-0.022864716
0.34858054
-0.016501376
-0.0035154769
0.19709629
-0.29260678
0.059443667
0.58790303
-0.13120354
0.12724259
0.46567975
-0.034594209
0.071493387
-0.058052283
-0.16656246
0.22394335
0.044616893
-0.059132273
-0.010528409
0.029324728
0.077169622
-0.00039115381
-0.17918269
0.26891736
-0.28160203
-0.047054859
0.093358058
-0.40349
-0.07546913
-0.57320134
0.11624589
-0.2010811
0.15464648
-0.44215761
-0.0075325351
-0.095235931
-0.063479756
0.14123955
-0.3528937
-0.37244814
-0.18608754
-0.30723158
-0.27528923
0.03585942
0.54242509
0.041430905
0.26972417
0.15777817
0.44248824
0.15544751
-0.17683173
-0.012354715
-0.029796968
0.62616191
0.071906783
0.091585631
-0.24479228
0.14754591
-0.063658291
-0.037094302
0.11838928
-0.20812236
-0.076928438
0.013524037
0.22780054
-0.10232508
0.15915909
0.01480212
-3.1643159e-05
-0.53049284
-0.31352469
0.11455777
-0.27642813
0.31456052
-0.10840484
-0.67403795
0.4068581
-0.066876378
0.0097343482
-0.39183014
0.087482658
0.4400009
0.037885093
0.012888324
0.18926102
0.055880469
-0.10563115
0.39173944
-0.33776711
-0.024140903
0.22184367
0.30507878
-0.20320806
0.077090145
-0.11197918
-0.046345199
0.49458367
0.15073777
-0.0036102587
0.56794648
-0.73298701
-0.020887975
0.40748815
-0.065769904
-0.16924614
0.059321499
