-0.11435865
-0.063828017
-0.047004947
-0.0569657
-0.060498096
-0.027461681
-0.049547928
-0.060491091
-0.028282705
-0.10471972
-0.042343239
-0.056952715
-0.035871709
-0.054787239
-0.033942529
-0.048395091
-0.044716981
-0.042358052
-0.076618538
-0.039949717
-0.055200225
-0.011589877
-0.058962331
-0.090363808
-0.051540737
-0.049609611
-0.051362438
-0.077552277
-0.014192952
-0.044036892
-0.048282985
-0.042337088
-0.051857633
-0.06492042
-0.051528488
-0.049713695
-0.047140083
-0.024780644
-0.045568639
-0.038741113
-0.049446569
-0.0069816248
-0.05302404
0.0098023048
-0.036572375
-0.035082952
-0.070994162
0.0076332858
-0.095065865
-0.045484452
-0.059163391
-0.045156828
-0.053325719
-0.043837289
-0.056124103
-0.049594862
-0.038320382
-0.023575671
-0.076344624
-0.067607452
-0.032329086
0.12562545
-0.021339248
-0.047049659
-0.056888204
-0.036379911
-0.076967181
-0.055862742
-0.048862328
-0.048193907
-0.057361296
